1758277.000000
2013312.000000
1739364.000000
1790362.000000
1762771.000000
1460803.000000
1518166.000000
1856309.000000
1575554.000000
1873264.000000
1621640.000000
1704184.000000
1676466.000000
1526325.000000
1818425.000000
1747857.000000
1579507.000000
1620890.000000
1575987.000000
1697402.000000
1586611.000000
1618693.000000
1725068.000000
1586060.000000
1732012.000000
1444149.000000
1704036.000000
1719690.000000
1402303.000000
1764312.000000
1537633.000000
1587725.000000
1549414.000000
1704146.000000
1805238.000000
1477185.000000
1788707.000000
1685022.000000
1826174.000000
1594803.000000
1657750.000000
2006036.000000
1529530.000000
1433688.000000
1828435.000000
1840635.000000
1608693.000000
1441878.000000
1364394.000000
1546291.000000
1763030.000000
1705828.000000
1854279.000000
1522030.000000
1653504.000000
1423618.000000
1524400.000000
1522541.000000
1635993.000000
1615993.000000
1582932.000000
1535237.000000
1893012.000000
1756100.000000
1535465.000000
1535581.000000
1791506.000000
1816855.000000
1516676.000000
1651617.000000
1511121.000000
1601574.000000
1691586.000000
1729941.000000
1527949.000000
1553951.000000
1801125.000000
1760393.000000
1619585.000000
1658196.000000
1537228.000000
1678690.000000
1529031.000000
1556514.000000
1496799.000000
1675219.000000
1800493.000000
1513886.000000
1624910.000000
1798103.000000
1688101.000000
1569451.000000
1826025.000000
1615044.000000
1621630.000000
1657567.000000
1708842.000000
1578144.000000
1442813.000000
1783738.000000
1525835.000000
1643229.000000
1681389.000000
1710108.000000
1603717.000000
1767555.000000
1560134.000000
1897524.000000
1627418.000000
1672408.000000
1458581.000000
1788402.000000
1843785.000000
1283688.000000
1706526.000000
1833265.000000
1451589.000000
1672026.000000
1708767.000000
1700258.000000
1700666.000000
1692940.000000
1500249.000000
1691695.000000
1538531.000000
1680101.000000
1448724.000000
1674517.000000
1750925.000000
1711904.000000
1492186.000000
1572842.000000
1520140.000000
1469653.000000
1710095.000000
1616538.000000
1598819.000000
1828455.000000
1613531.000000
1391242.000000
1600328.000000
1630336.000000
1803398.000000
1805725.000000
1668854.000000
1740464.000000
1476316.000000
1547593.000000
1905173.000000
1743306.000000
1740528.000000
1639773.000000
1732321.000000
1733467.000000
1758613.000000
1632456.000000
1775179.000000
1634488.000000
1406445.000000
1560039.000000
1380323.000000
1522388.000000
1494493.000000
1589751.000000
1746865.000000
1762808.000000
1436834.000000
1510693.000000
1756264.000000
1674126.000000
1591225.000000
1652669.000000
1666075.000000
1625165.000000
1623397.000000
1499925.000000
1792777.000000
1723469.000000
1605738.000000
1797415.000000
1762848.000000
1642352.000000
1536652.000000
1529098.000000
1606359.000000
1787949.000000
1654244.000000
1808686.000000
1587438.000000
1684446.000000
1599267.000000
1722585.000000
1699518.000000
1389833.000000
1673953.000000
1742461.000000
1514257.000000
1537935.000000
1614766.000000
1697666.000000
1573669.000000
1502073.000000
1449802.000000
1470284.000000
1488842.000000
1500348.000000
1725040.000000
1577693.000000
1782035.000000
1757932.000000
1671185.000000
1775426.000000
1303145.000000
1766064.000000
1535066.000000
1467723.000000
1456874.000000
1944140.000000
1506950.000000
1602531.000000
1728053.000000
1533364.000000
1686732.000000
1789184.000000
1743563.000000
1460152.000000
1696650.000000
1488359.000000
1818452.000000
1476423.000000
1678709.000000
1753737.000000
1536711.000000
1686733.000000
1716707.000000
1583767.000000
1745298.000000
1410146.000000
1850754.000000
1823413.000000
1660766.000000
1686947.000000
1632772.000000
1653198.000000
1618012.000000
1398375.000000
1351462.000000
1764178.000000
1704123.000000
1482171.000000
1597246.000000
1531645.000000
1835896.000000
1842201.000000
1485835.000000
1547857.000000
1663968.000000
1871773.000000
1463360.000000
1385279.000000
1709809.000000
1503689.000000
1697238.000000
1739198.000000
1748639.000000
1775560.000000
1487976.000000
1658944.000000
1743924.000000
1896952.000000
1516289.000000
1569688.000000
1814439.000000
1576212.000000
1650045.000000
1597454.000000
1794947.000000
1494190.000000
1592172.000000
1533007.000000
1665655.000000
1551033.000000
1688409.000000
1535484.000000
1689307.000000
1273711.000000
1444956.000000
1714885.000000
1703712.000000
1794220.000000
1592853.000000
1512988.000000
1790588.000000
1586170.000000
1810414.000000
1638698.000000
1723342.000000
1659999.000000
1659256.000000
1632275.000000
1721956.000000
1864841.000000
1760187.000000
1701397.000000
1606051.000000
1837380.000000
1660463.000000
1369396.000000
1758717.000000
1614245.000000
1657230.000000
1589373.000000
1592427.000000
1707255.000000
1683079.000000
1839956.000000
1670259.000000
1620720.000000
1523241.000000
1604510.000000
1776552.000000
1674321.000000
1610182.000000
1732149.000000
1491028.000000
1585598.000000
1797997.000000
1510449.000000
1803817.000000
1753326.000000
1963084.000000
1625242.000000
1586566.000000
1429523.000000
1491642.000000
1750839.000000
1890658.000000
1644789.000000
1547384.000000
1683307.000000
1686187.000000
1697300.000000
1830898.000000
1443621.000000
1766168.000000
1416842.000000
1710726.000000
1601427.000000
1792390.000000
1792188.000000
1764159.000000
1471800.000000
1631511.000000
1735955.000000
1631095.000000
1680761.000000
1748700.000000
1790702.000000
1421747.000000
1651987.000000
1709033.000000
1680910.000000
1507768.000000
1722748.000000
1865259.000000
1819778.000000
1573060.000000
1527707.000000
1629569.000000
1547587.000000
1638156.000000
1742904.000000
1803111.000000
1568527.000000
1548133.000000
1668743.000000
1609123.000000
1751546.000000
1762858.000000
1435441.000000
1315524.000000
1757558.000000
1465466.000000
1636327.000000
1461910.000000
1720316.000000
1416556.000000
1506686.000000
1676018.000000
1658668.000000
1782427.000000
1681136.000000
1897798.000000
1520737.000000
1896565.000000
1731453.000000
1505516.000000
1569090.000000
1620771.000000
1627769.000000
1674902.000000
1882681.000000
1666753.000000
1643014.000000
1485139.000000
1642041.000000
1673375.000000
1586949.000000
1886272.000000
1535703.000000
1646146.000000
1366798.000000
1523803.000000
1735368.000000
1692415.000000
1740539.000000
1620683.000000
1601653.000000
1412225.000000
1854927.000000
1556395.000000
1687340.000000
1635527.000000
1684734.000000
1897365.000000
1697099.000000
1712261.000000
1698962.000000
1562265.000000
1563567.000000
1753879.000000
1795388.000000
1742327.000000
1454565.000000
1537873.000000
1589080.000000
1720360.000000
1572854.000000
1537637.000000
1509487.000000
1732315.000000
1873076.000000
1696655.000000
1552195.000000
1773450.000000
1554070.000000
1785419.000000
1755742.000000
1582870.000000
1821402.000000
1841211.000000
1697485.000000
1739281.000000
1445136.000000
1809367.000000
1670584.000000
1634917.000000
1817705.000000
1403475.000000
1427724.000000
1546277.000000
1650036.000000
1322579.000000
1584682.000000
1466216.000000
1746351.000000
1731982.000000
1613725.000000
1549747.000000
1762307.000000
1550363.000000
1250461.000000
1341641.000000
1543094.000000
1426413.000000
1476701.000000
1720919.000000
1835586.000000
1659591.000000
1665404.000000
1428775.000000
1796883.000000
1593433.000000
1595208.000000
1407022.000000
1895485.000000
1627402.000000
1862304.000000
1878197.000000
1654635.000000
1848246.000000
1523942.000000
1797355.000000
1663509.000000
1601309.000000
1690720.000000
1705932.000000
1629369.000000
1731593.000000
1420690.000000
1491142.000000
1643566.000000
1622584.000000
1653147.000000
1744880.000000
1541681.000000
1753602.000000
1761875.000000
1476734.000000
1643737.000000
1723353.000000
1463726.000000
1540090.000000
1809470.000000
1879301.000000
1636403.000000
1935499.000000
1737241.000000
1532635.000000
1782089.000000
1687950.000000
1480356.000000
1798714.000000
1781384.000000
1833158.000000
1565031.000000
1440501.000000
1704098.000000
1490474.000000
1599240.000000
1814080.000000
1408767.000000
1473350.000000
1667202.000000
1751206.000000
1514307.000000
1898178.000000
1473206.000000
1703334.000000
1605446.000000
1544088.000000
1395085.000000
1758469.000000
1839006.000000
1893845.000000
1802774.000000
1771487.000000
1732202.000000
1639483.000000
1731272.000000
1810369.000000
1623513.000000
1769848.000000
1577484.000000
1766513.000000
1768009.000000
1700735.000000
1830770.000000
1571574.000000
1618358.000000
1595017.000000
1616194.000000
1585343.000000
1561050.000000
1710544.000000
1698165.000000
1436969.000000
1577114.000000
1467444.000000
1764056.000000
1544177.000000
1700828.000000
1389682.000000
1467651.000000
1573768.000000
1645142.000000
1697574.000000
1575793.000000
1607883.000000
1305455.000000
1668678.000000
1583264.000000
1749335.000000
1734600.000000
1653432.000000
1680849.000000
1798690.000000
1453634.000000
1545553.000000
1535267.000000
1695747.000000
1764324.000000
1775218.000000
1708239.000000
1686982.000000
1781839.000000
1768016.000000
1682174.000000
1589496.000000
1531538.000000
1807844.000000
1233141.000000
1659512.000000
1493602.000000
1521153.000000
1791500.000000
1565892.000000
1645877.000000
1597835.000000
1863066.000000
1509553.000000
1628126.000000
1611333.000000
1489430.000000
1789873.000000
1691912.000000
1794031.000000
1556960.000000
1703767.000000
1373519.000000
1715985.000000
1302373.000000
1696059.000000
1656208.000000
1568836.000000
1613581.000000
1865197.000000
1829534.000000
1722901.000000
1488622.000000
1591610.000000
1695749.000000
1738737.000000
1678269.000000
1354353.000000
1818112.000000
1634774.000000
1675075.000000
1891138.000000
1659756.000000
1834219.000000
1565694.000000
1518424.000000
1807167.000000
1547806.000000
1866518.000000
1598549.000000
1506842.000000
1719556.000000
1729464.000000
1438577.000000
1666080.000000
1524523.000000
1365175.000000
1421755.000000
1782650.000000
1799121.000000
1779637.000000
1777190.000000
1621490.000000
1695404.000000
1599338.000000
1416712.000000
1533614.000000
1442614.000000
1394824.000000
1778874.000000
1766680.000000
1431514.000000
1572870.000000
1656977.000000
1561810.000000
1500183.000000
1864691.000000
1796122.000000
1737276.000000
1765142.000000
2018429.000000
1867879.000000
1846314.000000
1781827.000000
1930211.000000
1677394.000000
1602427.000000
1329322.000000
1526303.000000
1615616.000000
1686660.000000
1667550.000000
1688880.000000
1735301.000000
1986712.000000
1715364.000000
1644699.000000
1619791.000000
1650663.000000
1794353.000000
1498134.000000
1647882.000000
1587476.000000
1629224.000000
1535396.000000
1641972.000000
1622089.000000
1565091.000000
1668636.000000
1524372.000000
1626311.000000
1655461.000000
1753861.000000
1637630.000000
1733362.000000
1652473.000000
1807707.000000
1631865.000000
1605551.000000
1630092.000000
1412483.000000
1391679.000000
1528176.000000
1528506.000000
1816276.000000
1548818.000000
1605481.000000
1560443.000000
1923436.000000
1421151.000000
1585336.000000
1521036.000000
1823862.000000
1731038.000000
1577412.000000
1524261.000000
1996764.000000
1823254.000000
1647575.000000
1764867.000000
1512632.000000
1504427.000000
1519800.000000
1693642.000000
1896886.000000
1549240.000000
1773260.000000
1607455.000000
1673791.000000
1609354.000000
1533616.000000
1578960.000000
1428182.000000
1554479.000000
1534613.000000
1606071.000000
1792593.000000
1632784.000000
1528127.000000
1553357.000000
1677691.000000
1606146.000000
1567073.000000
1666558.000000
1567719.000000
1637169.000000
1814573.000000
1532881.000000
1690967.000000
1758228.000000
1528289.000000
1696284.000000
1755339.000000
1671844.000000
1620468.000000
1882762.000000
1582696.000000
1624272.000000
1327542.000000
1487025.000000
1660777.000000
1550453.000000
1755277.000000
1516103.000000
2056370.000000
1651501.000000
1811466.000000
1620755.000000
1514829.000000
1635664.000000
1863402.000000
1488598.000000
1931105.000000
1726554.000000
1713376.000000
1598291.000000
1528730.000000
1561881.000000
1754930.000000
1646849.000000
1550647.000000
1710370.000000
1508135.000000
-692122801.103401
-654380524.909238
-997279672.402882
-2411617347.032393
-2294704856.748158
-2211080101.070059
-14055905311.353386
-5233050796.281847
-7443017345.520743
-12148077941.591934
-13586372839.869955
-17826954626.675480
-17923458470.511410
-19667813631.327606
-23734098189.895699
-24903766538.790733
-27759379336.728230
-34166399226.969307
-42796053451.944000
-42232998696.396660
-42850928030.998543
-51939475517.321754
-54170580026.633987
-58359496238.919601
-47900950061.337700
-56625694239.112091
-62686047947.615990
-75204424027.610840
-77133081621.490097
-85664746303.575653
-86159912554.689041
-91147933961.241714
-90653358401.334732
-113932100482.858429
-92523040367.626495
-118413287797.949936
-118283856356.182037
-115672263954.106659
-126678359130.821701
-133936001030.939133
-162052781387.342896
-131185011087.369049
-142721979130.307281
-147869872091.855988
-139639796543.487732
-169153157096.168671
-178089499910.864746
-163961324841.957947
-183761528022.761871
-174152053524.943604
-202616087481.519043
-205346336441.432037
-202962441532.319977
-211045349780.240479
-224395918619.883270
-268957567840.274811
-261682391834.747162
-236502151324.318207
-244006422313.141418
-246816185267.456818
-286346606509.440063
-292408492564.876648
-308713524130.806091
-300444969178.613220
-266117264856.734283
-338629986801.919556
-379901608696.710571
-327179728051.549072
-369897105940.474670
-360596471141.213928
-335179841968.753784
-367440455315.773132
-406708893946.385132
-349018522081.897339
-365661201440.216125
-354678519217.869995
-400690083749.717285
-442082512343.790100
-380300178362.752991
-498311799919.547974
-505219573662.629944
-435839198710.352234
-514188556544.070435
-479577241924.017883
-506414781222.488342
-523353010392.909546
-589292049062.807983
-520333994786.737366
-595154602538.480347
-621756328405.055054
-583240328781.153442
-615493744585.720459
-567155630149.089478
-540113882368.016663
-610649157234.959961
-670686537285.699707
-621981755044.478149
-657582467694.131226
-621547065253.401123
-662221695652.078369
-634504069332.359131
-723084907521.163208
-669971416814.463257
-726445831819.175903
-720377056499.507324
-648211283183.679199
-760717973593.781738
-761600822725.903931
-776178595513.899536
-826883493745.367920
-765785051674.193237
-1005631309186.812378
-812753325485.147705
-870989394321.805298
-935636476756.814819
-938062816810.586914
-938135645181.839355
-955133569692.128418
-850852138715.947998
-884004824653.141602
-924467224535.039917
-920823336961.513428
-1150153316846.142334
-929309204781.423584
-982216607782.898193
-1073462719639.688721
-963584159849.041016
-1086358865809.718872
-1047318101481.599976
-1159760194763.267822
-888662861691.728394
-1142107637192.880859
-1155315840604.353516
-1324832717790.138428
-1143812058156.253662
-1221721091175.429443
-1358054397682.982422
-1232746722994.049805
-1293947652418.880859
-1336029321439.666748
-1263622627013.345947
-1311471289208.973145
-1290139660222.516357
-1418679998945.337402
-1485458166013.167480
-1322471536875.360107
-1491147605561.992920
-1536647491536.301758
-1541780389615.264160
-1358706992424.176758
-1374583045967.488525
-1477174926161.341553
-1679981430321.974365
-1662352879309.523926
-1592293398854.616211
-1360630254149.801025
-1643614548144.300293
-1763781876887.175537
-1428235196914.592529
-1572529284000.484619
-1641228300918.960205
-2004347990027.169678
-1769490756219.479736
-1699129497332.593994
-1464931321071.412354
-1906018155894.022461
-1425015585604.336182
-1787908606607.000244
-1961648112163.692627
-1897905633785.213135
-2089232116542.330811
-1836267025298.214355
-1736195447137.020264
-1797050837379.164551
-2396110115503.052246
-2051231209021.455811
-2251944714705.568848
-2124333707044.419434
-1882966221555.475342
-1983590076844.529541
-2223906766032.986328
-2225335825363.371582
-2283070666996.375977
-2537488082404.203125
-2225200128567.386230
-1715447326580.910645
-2236358035770.773926
-2645099289416.388184
-2082493810103.615967
-2119856525303.754639
-2347569987658.055176
-2207029581135.060059
-2160644081884.975586
-2128450043733.068848
-2623216176128.946777
-2516229528626.361328
-2584263515575.391113
-2200745510192.376465
-2365118513371.119141
-2543507442091.449219
-2334480471699.453125
-2428961711766.060059
-2751790576842.237305
-2581923910527.187500
-2419374425678.978516
-2473277432555.880371
-2867592836065.475586
-2945304249069.276855
-2797310644632.020996
-2955982996836.685059
-2584080681964.097168
-3064176311892.608887
-3084155041019.191895
-2748294875072.447754
-2739299016850.431152
-3002551490036.712402
-3239723759475.008301
-3074661437377.914062
-2900904263196.667480
-3445559103556.738770
-2930203935922.023926
-2901503946300.599609
-3115320583445.279297
-3246066285834.129883
-2765716611156.980957
-3356689691716.658691
-3185935735022.924316
-3400266946529.293945
-3337826344778.591797
-2952777693148.653809
-3107769294513.240723
-3135927777434.600098
-3240940941579.441406
-3658791696752.083008
-3156895672029.189941
-3575208589696.189941
-3343681334886.103516
-3594947942853.376953
-4235791064022.037598
-3197532338273.285645
-3481074335347.584961
-4053582301962.555176
-3434383424680.351074
-4161383542853.522949
-3529701358705.238281
-3601249973147.722168
-4046659903051.868164
-3977067904196.220703
-4265409818733.116699
-3530550866290.333984
-3653254397197.205566
-4190049715765.724121
-4004145520732.742676
-4214245660196.053711
-3928311390898.138672
-4060554418401.143066
-4180848265617.408203
-4459453391460.234375
-4503389016844.998047
-4175141751405.945801
-4099929426617.898438
-4307142031115.946777
-4143472475771.261230
-3992333491313.119629
-4700183499383.806641
-4912189163262.313477
-4020980507521.252930
-4412190915562.342773
-4370637580202.141602
-4773014984381.428711
-4000518146875.918945
-4831043371279.259766
-4823043954903.511719
-4327338388666.104492
-4183906428831.803711
-5409876107059.915039
-4961594290203.448242
-4960050856380.570312
-4159065503056.027832
-4791651234600.964844
-4997396725953.352539
-5283236169768.797852
-5184591934024.433594
-5322388758501.459961
-4632811784105.082031
-4736015442815.328125
-4388510480832.854004
-5225991236409.618164
-5022318698112.837891
-5513928017658.865234
-5714396990380.439453
-5376003885937.097656
-5037005811645.327148
-5421355848814.022461
-4416901680125.812500
-6204850529607.204102
-5515459968137.478516
-5755758942166.703125
-5384211883330.752930
-5028003455275.034180
-5503241344809.404297
-5701636533686.919922
-5648971239536.363281
-5399157672711.103516
-5864710507159.693359
-5134105072599.387695
-5184665061027.466797
-5994475228932.120117
-5911601443497.940430
-5651430230549.621094
-6742611436219.333984
-5912562584013.877930
-5712744499037.564453
-5685813368121.987305
-5935722943321.090820
-6073340691742.679688
-6629857372423.143555
-6674143055379.665039
-6048690851394.010742
-7331712141969.381836
-6161463285350.629883
-5719249663817.005859
-6563861727027.421875
-6460463550027.695312
-6697693828427.134766
-7605629472569.217773
-6221026100102.093750
-6632115320839.859375
-5938174292140.867188
-6968158467339.496094
-5837685145013.908203
-6203400023513.674805
-7176526476678.718750
-6191754083137.610352
-6771014618126.895508
-7174325148512.002930
-6639034083694.709961
-7813049899585.069336
-7470884153411.251953
-7632955157258.844727
-8188002356151.899414
-7100614115983.797852
-7079010316766.680664
-7644704642095.298828
-7043609995767.053711
-6983702701846.055664
-7383117795389.751953
-7986548514187.971680
-7635234108631.132812
-6342505647074.857422
-7233028854939.571289
-6934669691391.168945
-7181130233068.519531
-7829742111676.174805
-7357352735001.365234
-8778881787724.390625
-8607088554603.911133
-7679052999087.013672
-7358720487715.944336
-8524202919111.856445
-7806774755192.268555
-8011655460418.333008
-8301283711613.823242
-8684879271292.899414
-7674762837544.560547
-7955511711987.034180
-9764342155851.363281
-6729315802762.428711
-8023845752389.260742
-9065884773830.388672
-7803679281625.526367
-8374296075110.471680
-8429557356062.634766
-9123427938523.708984
-9986986664625.712891
-8248846604714.847656
-9877420586486.429688
-9084628485203.425781
-7625713974386.069336
-8806873122463.441406
-8903290209108.716797
-8429311385361.469727
-9591255759622.263672
-8855248320521.154297
-9452365509349.123047
-8571355382111.436523
-9444093422364.447266
-9056889859869.238281
-7751084289404.606445
-9693331459570.123047
-7260090247015.501953
-9533250302715.703125
-10194155917977.601562
-9911190672225.525391
-9578756427851.132812
-9391013177779.406250
-7454354770497.671875
-8787615700443.225586
-10418003798937.148438
-10322091350235.660156
-9324271279584.000000
-11814429440931.498047
-10755540833722.853516
-8959728898671.947266
-9840247655088.615234
-8903753564504.304688
-9831897097483.458984
-10548694277323.349609
-10248344504550.277344
-9847673332700.707031
-10669477442775.060547
-10008987733890.070312
-10242803996430.986328
-9872066347635.003906
-9963114336747.031250
-10841591625514.800781
-9809391499445.761719
-10439171374546.947266
-9540502542716.621094
-10356409861111.773438
-10183118497264.875000
-10293600098072.917969
-12848510198746.681641
-9889020746502.855469
-12253347826786.894531
-10427420127357.873047
-11140666894272.218750
-10796980226841.757812
-10440167289229.888672
-10748025997664.582031
-10678910615617.957031
-11375150979173.207031
-12692235824092.328125
-11796675245938.974609
-12212609764503.097656
-11740139203974.230469
-12480095392635.589844
-11589851432109.380859
-11410755298927.373047
-10809383082706.750000
-13641393553185.082031
-9605330956210.628906
-9599384543598.957031
-12197256758172.089844
-12917792157833.287109
-12976406373042.767578
-12204214510976.117188
-12173859538222.410156
-11919431766844.626953
-12996982657558.144531
-12370644911120.621094
-12354807379859.910156
-11522529572435.109375
-14262928308125.392578
-13806674146125.126953
-11079566991777.371094
-11183389534362.730469
-12490219100678.560547
-11828826155142.064453
-13013714929585.826172
-13608914352265.437500
-12807361481210.826172
-12146608502549.076172
-11577679893011.529297
-12817766503962.134766
-14146559297531.962891
-12443216234723.921875
-14487815270819.953125
-12083550322258.464844
-14915781335379.605469
-13554034038973.789062
-13213394605797.619141
-15207622011223.876953
-12681913442492.039062
-13606744410878.097656
-15286481813572.621094
-13282886429617.107422
-13274048784306.779297
-14318775052678.638672
-13612353259198.201172
-13086565631867.033203
-13928277506235.039062
-13697153282735.099609
-15567437830508.123047
-13781617773530.169922
-13529664896926.953125
-13399944876867.001953
-12802629028312.626953
-16295586975458.796875
-15361436021609.277344
-14297971740412.781250
-13751415014071.343750
-12407655249165.787109
-17019456213091.621094
-15771065764615.123047
-15173615846160.042969
-15304795249447.591797
-14438728428303.416016
-13068093258618.919922
-15852278098756.207031
-13869646265210.410156
-15143393941227.031250
-13222454897949.125000
-15866494779335.724609
-17939182981017.742188
-15130486677494.630859
-17780675044639.207031
-16291955077441.128906
-13370280553892.947266
-15902745213852.875000
-14155336610560.919922
-15616567429103.554688
-15887168268923.931641
-14433346851399.501953
-15391239228988.974609
-18090509054426.539062
-15631026342361.000000
-17695524058338.296875
-15128292705801.167969
-17167965281587.033203
-15501897424318.634766
-18228116264225.542969
-17632598841407.351562
-18361586076590.593750
-17592636341543.632812
-19523678369911.656250
-17504051241840.968750
-18827926595446.000000
-15673360964406.529297
-16769769922829.193359
-17084617819145.630859
-14325794840215.505859
-18176359758950.503906
-18341843795012.722656
-17779575007919.109375
-19076289435091.402344
-17405460127623.167969
-16941453355822.029297
-16497734841942.828125
-15678651911464.527344
-15155466688578.800781
-14088859638888.503906
-16258809091153.083984
-19548773572329.453125
-18222637854075.972656
-17113661782145.458984
-16887346045563.943359
-19239146898158.871094
-15264050598606.937500
-18661377446997.863281
-17389221786845.503906
-16583485863797.021484
-18571630769467.542969
-15054086152843.847656
-19443831645324.726562
-17532320902447.697266
-16060870566794.265625
-18157468308830.816406
-18383239774532.675781
-20874554409648.039062
-18842213671853.640625
-17826409749650.410156
-17185295529739.076172
-18593814729746.292969
-19990658246979.746094
-17870464694941.847656
-16784179751786.275391
-17022572597625.597656
-18975826010486.714844
-21243860526635.886719
-22093292434066.683594
-19481281144316.199219
-18139792438563.929688
-20553817517888.675781
-19115043040168.355469
-20208754961424.226562
-22148174247774.210938
-19569774241236.351562
-23229207492927.640625
-22315217094327.804688
-21803706355495.484375
-21559340315234.253906
-22126884683882.304688
-21283518713019.960938
-20350408041264.660156
-20767785106199.644531
-23532528245341.914062
-20053870559993.335938
-21066751664727.117188
-19834913673098.421875
-20694410534468.214844
-21069401489846.917969
-18620739240105.621094
-23814220625116.347656
-20570624943218.929688
-17858901270044.925781
-22388749895632.890625
-20421705987526.089844
-23945554176738.777344
-21081169266546.121094
-18045751371212.984375
-23331457861906.558594
-22719371593799.539062
-22498341900182.101562
-22507033897459.292969
-20209827151448.949219
-20228036697565.066406
-19624977416576.269531
-23303971851322.457031
-21925746486674.945312
-17516921383953.917969
-21476480584454.242188
-20631443889194.335938
-21271436372746.253906
-21525459578021.003906
-21389554568432.304688
-21504793744124.316406
-22899979849465.371094
-25300624848372.007812
-23691363688818.558594
-24596119481256.222656
-21366149655391.644531
-25685587135563.843750
-23817512212876.792969
-24343483571682.613281
-22202009996227.296875
-22920834385353.109375
-24584040025908.921875
-25891963062942.703125
-24702539657735.964844
-22174219721319.601562
-21982836378557.519531
-26542220181566.132812
-25171848464964.820312
-25632602703812.972656
-26272369688534.847656
-23248287085510.695312
-21691579691603.687500
-24539051691365.613281
-22505302313123.218750
-24280334112360.304688
-24207929760634.175781
-24463285832853.792969
-25251696849837.984375
-21801150434818.046875
-28291098355362.925781
-24834063613453.316406
-26461734691015.976562
-28394275237720.535156
-25431685461149.019531
-26235412861503.671875
-26022420260209.730469
-28631769778959.292969
-22791969174153.097656
-28690851661274.000000
-26642420710015.488281
-26622982972195.343750
-28082417057065.515625
-23575682638355.269531
-23849390156554.398438
-24968382973473.109375
-21768490553291.160156
-29164678070562.332031
-27809090050152.714844
-27252307162257.402344
-28739691793019.777344
-24768916782879.976562
-22935326483861.218750
-23710317163746.457031
-22740522898388.781250
-22905643857510.261719
-25559120491558.539062
-27696407242101.117188
-23699006033282.308594
-26062273770577.500000
-28750093115243.710938
-28453938016237.675781
-26964698226198.011719
-25828349982817.429688
-26436801228470.050781
-27166774935647.417969
-31297548352991.472656
-27111291421342.101562
-30622462536021.437500
-28302086918330.406250
-23660724625833.199219
-28260423387434.683594
-24663750347746.921875
-29480927072309.152344
-27961472022867.363281
-29152034151080.605469
-28253664820553.074219
-25442865627940.097656
-27704649082372.488281
-33351938063543.945312
-27499333509421.171875
-26647559195036.324219
-32590282033345.988281
-30477943067479.347656
-30399973833747.621094
-25805157118655.550781
-34434416799765.503906
-28868573780656.183594
-28868867489511.937500
-29531556917464.714844
-30008701286063.316406
-29256407918593.628906
-36746224116847.343750
-30689698031839.707031
-29818330356533.031250
-28223335263037.558594
-30122212418512.097656
-26326352860198.687500
-29849923751118.812500
-30595743119146.113281
-30305897703147.335938
-34896403742206.296875
-31925440563169.898438
-30109142539248.921875
-26198327420611.007812
-31431014802121.687500
-34570421025446.257812
-33337730907051.343750
-29176137679607.503906
-35984569713992.648438
-31943502895034.347656
-32697179670816.394531
-32183739319885.914062
-39604181717012.765625
-34138068874836.226562
-29588821617465.128906
-29384637050787.917969
-27997533263524.324219
-32771579095645.636719
-35082811204820.949219
-29122047426514.839844
-31752987685582.769531
-33168688325237.953125
-32591721933712.945312
-33813643978146.414062
-30244216935936.953125
-31798945707350.984375
-33679927487977.027344
-37835413074285.968750
-29832223670810.382812
-35119989304192.167969
-34879563548345.835938
-35738797371050.921875
-39097280649217.609375
-32737483898239.285156
-31966371619264.523438
-31435728703530.808594
-31047410668019.300781
-32921898463202.308594
-35985954042410.984375
-38795337272399.585938
-34828445148660.503906
-34504539642611.382812
-32523277436581.949219
-37858994378275.304688
-38443802138392.382812
-38392229043292.429688
-33684202153982.843750
-36877191967543.218750
-33481155881731.019531
-39594001891074.343750
-33428339815625.562500
-37016507078112.757812
-34683921530295.226562
-37704609668541.617188
-38277506604224.343750
-36253421623141.695312
-36592553574375.992188
-34796660086899.937500
-37154636214632.062500
-34496478382599.128906
-38327373559172.304688
-33080893587338.847656
-34137643891401.871094
-35687807857644.546875
-38039092654960.804688
-38187644023843.390625
-40563505053956.687500
-38005977314224.320312
-38613772701148.703125
-32364461758811.386719
-35680591980421.734375
-39337341067819.195312
-41560075655029.976562
-33690103395390.257812
-35539133151710.390625
-38294897216014.656250
-36230371184744.265625
-37437136943366.289062
-42059697013701.367188
-37733191981130.515625
-39369995153699.117188
-40307787508606.843750
-39731428466297.398438
-37220982038122.531250
-16037760.020000
-19083482.850000
-16289196.580000
-16583548.088000
-17074577.174000
-18775569.992000
-19437953.306000
-15942752.520000
-19724511.446000
-14847647.956000
-17591508.348000
-21287956.118000
-16929749.884000
-19431221.870000
-20096122.062000
-16644998.556000
-18676101.812000
-20260774.698000
-17953427.264000
-18331744.350000
-19872035.030000
-18184535.298000
-18418392.352000
-18594662.192000
-15951695.090000
-19359475.016000
-17508096.116000
-21616299.474000
-18339818.300000
-19111452.390000
-17843992.096000
-17714912.254000
-18223399.926000
-16677700.376000
-20807218.486000
-17311759.076000
-19386906.320000
-19683711.694000
-20490558.974000
-17095360.906000
-18989241.210000
-17324075.812000
-16367234.968000
-17998288.972000
-17845187.424000
-20528046.786000
-15602091.172000
-17873244.390000
-19100437.624000
-16958362.174000
-16967154.090000
-16432158.990000
-15839505.724000
-23080341.820000
-17636841.686000
-18889795.056000
-16924687.060000
-17158694.582000
-19020797.590000
-16753997.336000
-17360043.812000
-19474803.092000
-19922670.206000
-19517023.200000
-19620924.598000
-20692763.986000
-16070803.864000
-17522535.978000
-19087790.740000
-16327644.230000
-18282924.916000
-16657259.912000
-21346550.714000
-19311045.776000
-15548825.626000
-18165172.002000
-17823077.094000
-20634480.956000
-19972005.952000
-17816777.264000
-15576844.760000
-16443303.434000
-17848444.482000
-18980119.254000
-15856366.534000
-18757105.298000
-19228359.482000
-20810069.480000
-16874625.720000
-20859176.576000
-17598917.736000
-17637491.074000
-18848755.316000
-18080729.862000
-16658714.156000
-17180918.386000
-18015543.632000
-17121807.188000
-16121039.204000
-14759623.708000
-18503601.702000
-17479148.054000
-18849570.292000
-19157695.906000
-17945586.376000
-18397500.282000
-17619829.534000
-19833363.324000
-17147008.476000
-17692207.308000
-15961776.826000
-19828873.006000
-17407363.166000
-18071478.770000
-19040479.376000
-18914188.002000
-17721793.222000
-17111207.820000
-18370017.444000
-19322811.638000
-19918629.372000
-18644451.292000
-16530029.496000
-19195429.412000
-18673476.620000
-16394964.292000
-16870019.208000
-19233536.952000
-17581509.628000
-16727976.482000
-17723708.594000
-20346386.988000
-16220911.610000
-16077370.886000
-15705713.978000
-17438308.018000
-21842072.232000
-18117517.600000
-20143814.650000
-20210039.450000
-13924781.342000
-19311870.606000
-18422570.712000
-17906453.750000
-18807301.352000
-16239789.266000
-20747794.686000
-16695005.396000
-20587138.248000
-19945504.480000
-18496800.734000
-17100609.704000
-17301268.832000
-20677146.454000
-21219142.596000
-19377632.484000
-17303657.352000
-21426453.444000
-15933340.146000
-19408577.540000
-15542177.930000
-16004928.244000
-18400692.196000
-18802577.310000
-15884832.788000
-19691204.496000
-17396243.580000
-16569284.080000
-20615309.208000
-19887982.126000
-19854536.660000
-17215710.544000
-18638446.026000
-17846711.176000
-17135943.270000
-18666654.630000
-18216710.100000
-17853079.072000
-17775112.824000
-19297504.660000
-18888462.196000
-19740270.198000
-20063165.592000
-17541729.476000
-16815689.030000
-17418472.860000
-20191175.090000
-20628047.036000
-19272998.224000
-17679528.114000
-17227761.580000
-17824867.382000
-13784869.474000
-17511126.458000
-16066009.790000
-13930933.528000
-17433751.580000
-16799668.990000
-17867393.476000
-19007891.628000
-16126261.508000
-18811751.388000
-15131523.232000
-15920094.982000
-17682773.914000
-16397590.474000
-17596458.036000
-20160791.868000
-19042712.124000
-17915992.874000
-18169583.392000
-16708007.282000
-19932220.342000
-19060497.824000
-18576540.318000
-20746963.344000
-17962025.034000
-19398776.562000
-18566220.972000
-14891265.202000
-16779104.460000
-18338484.154000
-19290389.434000
-17931112.508000
-18000832.724000
-19021520.040000
-19425816.806000
-19761439.256000
-19558145.394000
-16928433.772000
-20455392.566000
-17501584.976000
-17360752.136000
-18000294.008000
-19072036.476000
-15871263.694000
-17604194.808000
-18878865.390000
-19107252.594000
-18529608.908000
-16895315.772000
-17704949.298000
-18175259.204000
-19902655.460000
-17193458.552000
-15528626.386000
-16255059.850000
-19023512.950000
-17537467.746000
-21133443.064000
-17448756.380000
-14017309.500000
-19244614.942000
-17566874.458000
-18719288.858000
-16284401.432000
-19198391.806000
-18048914.780000
-17797466.566000
-17068187.536000
-17587323.664000
-19277190.776000
-17775981.054000
-16634203.972000
-17312292.312000
-17079499.646000
-18483511.282000
-16137480.156000
-19164722.754000
-16832832.856000
-16811890.648000
-18073810.404000
-13314521.332000
-15153168.556000
-18142343.490000
-16486079.892000
-17590162.320000
-20047774.956000
-20629216.636000
-18065377.962000
-21084996.940000
-20687982.422000
-16016276.022000
-18510164.022000
-18551832.604000
-18400649.402000
-17404599.056000
-17188808.606000
-16484409.102000
-20459179.944000
-19114458.838000
-15358193.214000
-19043922.210000
-19566021.592000
-15991563.138000
-17642683.068000
-16084151.826000
-18670871.470000
-21147312.896000
-14884059.776000
-19895972.298000
-15484441.076000
-18542664.502000
-17602812.994000
-18201387.402000
-19229484.398000
-19077456.778000
-18001921.600000
-17064633.788000
-19145318.100000
-15112751.444000
-19370617.666000
-16034927.606000
-20081872.096000
-19501293.272000
-20964447.354000
-19971974.180000
-20970564.986000
-17985098.548000
-19990299.020000
-18489836.130000
-19512991.086000
-15448881.154000
-17168967.732000
-17062985.014000
-18211424.024000
-14977573.720000
-18201257.928000
-21674227.190000
-15629044.106000
-16822315.362000
-21270948.880000
-18873886.148000
-19423218.896000
-16130425.780000
-19488639.662000
-19414912.036000
-17686847.160000
-20035048.766000
-19417286.622000
-16998073.082000
-18419581.046000
-19615589.540000
-17425375.542000
-17147228.202000
-19807114.928000
-16177159.036000
-18340045.144000
-20615936.932000
-18161430.536000
-17572388.948000
-15831703.244000
-17309674.308000
-15631328.900000
-18716652.180000
-19164613.214000
-16387230.330000
-18682815.988000
-17728431.258000
-20933575.632000
-17911358.224000
-18812037.376000
-17017040.442000
-21708271.264000
-16487806.234000
-15298758.922000
-18519080.636000
-16724025.386000
-16585083.016000
-17927241.088000
-17892915.690000
-16127644.602000
-20345907.400000
-17209274.818000
-19334454.662000
-17986720.326000
-14607120.886000
-19576260.160000
-16427247.174000
-17367875.500000
-15387591.798000
-17533586.154000
-15613050.738000
-15772404.648000
-18546706.044000
-19056111.712000
-17016343.936000
-18402327.210000
-18959806.756000
-20067476.908000
-16133755.258000
-20339558.914000
-18914379.302000
-15891974.890000
-18183925.262000
-21576904.642000
-19547302.620000
-19575249.990000
-18532379.850000
-16232835.046000
-19915890.484000
-15601711.540000
-17414587.638000
-18311342.514000
-18127231.250000
-16122105.692000
-18908202.324000
-19177537.986000
-16591620.398000
-18207591.806000
-18893354.480000
-17957240.616000
-17689369.544000
-17647103.956000
-19183409.880000
-19245801.110000
-16338398.766000
-16300132.638000
-17283298.320000
-16918834.086000
-19043232.540000
-18274553.568000
-18544844.350000
-18320155.860000
-22791725.284000
-18742580.882000
-19401144.404000
-17878892.656000
-18614839.890000
-17503159.254000
-18241864.772000
-12222758.168000
-16573282.826000
-20179889.166000
-18956344.666000
-16517694.150000
-18649889.460000
-18095965.518000
-15926757.546000
-19103109.596000
-20237108.590000
-21066728.170000
-20004471.244000
-19809219.404000
-19934753.574000
-18030244.988000
-19948226.668000
-17297470.788000
-17667733.756000
-17993682.338000
-19335938.766000
-17538685.842000
-20595078.760000
-17712591.410000
-17610427.286000
-21567351.184000
-14969926.744000
-17308579.708000
-16833957.550000
-20290145.876000
-19204079.522000
-17554849.414000
-16970830.996000
-16867235.992000
-20344760.084000
-18012888.970000
-17384043.604000
-16781985.684000
-16471409.604000
-15789773.850000
-20808095.976000
-18126058.740000
-19328953.408000
-17145315.696000
-17111800.026000
-17116618.416000
-15937672.642000
-17029309.320000
-19337165.488000
-20972591.364000
-18222865.358000
-18177205.352000
-16495182.052000
-18983840.842000
-18696490.756000
-18963136.524000
-18404103.460000
-18196240.490000
-17492624.582000
-16793084.986000
-19314071.618000
-20361715.038000
-17619801.922000
-19556697.548000
-17329351.048000
-18923292.062000
-15488072.246000
-18181783.488000
-16664081.390000
-18730392.092000
-15257958.296000
-17703640.286000
-17290933.182000
-18323977.950000
-18848045.248000
-18467382.670000
-16202673.030000
-17461302.590000
-19954606.844000
-19073797.648000
-18730917.070000
-18212316.024000
-16951763.490000
-20876445.542000
-18554559.744000
-17930611.848000
-19409304.850000
-17321222.320000
-20650245.702000
-19112294.212000
-18375663.552000
-18079375.852000
-18781580.936000
-17878144.254000
-16747095.576000
-18917572.586000
-19804724.212000
-17420311.518000
-18189136.934000
-16634672.032000
-18433072.310000
-18370229.004000
-21836556.186000
-15293734.276000
-17390794.010000
-17017264.224000
-19214876.562000
-18182462.992000
-20194542.018000
-18739191.994000
-19007873.420000
-16378703.798000
-19233859.620000
-19762178.666000
-19537495.844000
-19009415.400000
-19575482.392000
-20429906.436000
-17617097.168000
-18013087.430000
-19839195.568000
-21046856.612000
-17713049.454000
-20831169.578000
-19949300.216000
-16473899.810000
-18990740.556000
-18930474.722000
-17559247.458000
-21310134.540000
-19164667.080000
-17940610.136000
-18922327.642000
-18723037.504000
-18950251.028000
-18923142.156000
-17557532.194000
-21168408.388000
-15816908.110000
-13757121.492000
-19346153.382000
-17107146.230000
-15255496.476000
-15043844.576000
-20599966.614000
-19781589.506000
-17390602.008000
-19745093.104000
-19781223.726000
-18010877.190000
-17196773.828000
-17669952.924000
-20416148.778000
-17585397.884000
-18601559.814000
-18414957.330000
-19113392.586000
-18085882.094000
-18697473.892000
-17893624.982000
-16986819.362000
-18624278.126000
-19767751.090000
-16867913.354000
-17578780.550000
-19807840.468000
-19194019.228000
-19135495.794000
-18960203.094000
-18479340.370000
-18674033.706000
-21178537.078000
-20509564.884000
-17397921.018000
-19166487.490000
-20351457.302000
-18931241.284000
-18308733.572000
-18080493.546000
-17823368.206000
-19525808.206000
-18680157.504000
-18299894.144000
-19511657.572000
-18810032.794000
-19445979.756000
-17103178.078000
-18548149.692000
-19945289.452000
-17152632.320000
-18789641.080000
-20793752.944000
-18190367.244000
-18192617.660000
-17696539.414000
-17717389.770000
-19752090.104000
-15405180.016000
-17811715.404000
-17685728.062000
-19797049.100000
-16913818.030000
-17647533.728000
-18886770.358000
-17911288.570000
-17641750.862000
-17287731.996000
-19059275.868000
-15323493.336000
-16327018.088000
-21143875.340000
-16863128.910000
-13784009.554000
-16503809.292000
-20439486.336000
-18178863.866000
-18029137.318000
-17970696.040000
-17023984.282000
-18140351.690000
-17536700.472000
-20140444.020000
-18241637.026000
-18468189.416000
-17240994.838000
-15841934.164000
-12786965.778000
-17886375.782000
-19603702.184000
-14263631.626000
-18909486.170000
-16591855.994000
-20392413.090000
-19429183.402000
-19078134.580000
-19065809.618000
-17236834.988000
-19441065.608000
-19149373.738000
-18800524.940000
-16923433.850000
-16626008.652000
-19066513.784000
-16161159.628000
-15674357.840000
-19409798.138000
-18070617.820000
-18429949.344000
-19728369.682000
-16911804.372000
-17129452.052000
-20405939.264000
-16687490.980000
-17253745.662000
-17054689.918000
-18851519.808000
-18215365.110000
-19390681.266000
-20140788.720000
-19701751.074000
-18577374.078000
-16641002.030000
-18838145.964000
-18277355.854000
-21320920.520000
-16430983.604000
-16388602.256000
-18258492.802000
-17820280.090000
-14976597.484000
-19472458.442000
-17484837.640000
-18045841.378000
-21017914.632000
-18831205.454000
-16461378.408000
-19270069.634000
-17991721.114000
-17101665.336000
-14472859.754000
-17710120.696000
-18492364.752000
-18674876.952000
-16876553.082000
-20800270.796000
-15698859.594000
-19989360.646000
-17857937.280000
-17168903.228000
-17321197.586000
-20104278.642000
-18028654.104000
-17692700.158000
-20759607.680000
-19971057.186000
-18058999.972000
-18411463.340000
-16722143.970000
-19982505.708000
-20034320.480000
-14905066.976000
-18828030.542000
-18740094.666000
-17677414.932000
-19815313.486000
-15227634.848000
-19389441.742000
-17134898.554000
-19924699.910000
-19363283.680000
-14152270.008000
-17473076.624000
-18152643.352000
-17750202.048000
-18211234.542000
-19053276.872000
-15397312.716000
-20876126.398000
-17804516.090000
-18282169.952000
-16712073.436000
-18867550.984000
-17335126.406000
-20651362.542000
-18934687.056000
-18330473.844000
-18673337.592000
-16522636.984000
-19117268.276000
-17170527.164000
-16192182.954000
-16763424.658000
-17684655.682000
-18073026.750000
-15065490.314000
-17069595.168000
-19940490.742000
-21160288.102000
-18269178.478000
-16001355.324000
-18907216.940000
-19126827.728000
-16215470.962000
-19669896.894000
-18032376.930000
-18353968.320000
-19085720.784000
-20731399.102000
-18341018.110000
-17586896.518000
-19179461.680000
-16280350.836000
-15893030.698000
-18796908.394000
-16960212.358000
-19947361.744000
-18217226.588000
-18708763.080000
-15974151.218000
-17238248.588000
-20933362.940000
-19336889.942000
-19252406.334000
-18253242.112000
-17176215.182000
-20630059.890000
-18660188.410000
-19064998.292000
-17992045.664000
-17357425.710000
-43272366.288000
-35735641.872000
-37843864.436000
-36622965.640000
-37263320.340000
-36207747.564000
-44544122.140000
-41844328.560000
-39649131.076000
-37986645.696000
-39535151.100000
-36512043.024000
-39971770.056000
-31905699.532000
-39557727.036000
-37419853.528000
-38305953.672000
-35061407.408000
-40679254.108000
-38228320.816000
-38549133.096000
-36799739.996000
-39073065.792000
-34265806.492000
-33436511.060000
-40359062.436000
-37689640.972000
-42349065.504000
-43575544.616000
-35806051.196000
-35862704.904000
-34506924.156000
-34127684.784000
-43565626.356000
-31474569.496000
-36754962.992000
-38335713.368000
-34843267.868000
-35707072.532000
-36940375.696000
-39845285.860000
-33870268.452000
-37165172.924000
-42075123.672000
-34180197.376000
-40173492.968000
-38253950.844000
-41152566.832000
-39275280.188000
-44100479.232000
-36357501.844000
-39427202.628000
-29882815.732000
-32997048.224000
-38860447.772000
-48039635.704000
-36741332.040000
-35571354.564000
-37982053.480000
-37227975.048000
-38196017.880000
-35840759.728000
-46088865.800000
-38814567.196000
-41467868.036000
-38497934.996000
-40540412.232000
-38497044.244000
-38574015.144000
-36985281.680000
-36109860.228000
-38764032.096000
-34764841.748000
-34943210.320000
-41118226.880000
-36025800.244000
-37243742.436000
-31591736.340000
-40497884.084000
-33626782.408000
-39404944.580000
-34159747.712000
-35246445.204000
-39409007.720000
-37146898.756000
-42314681.740000
-39471446.864000
-40510138.132000
-33473614.032000
-37863907.612000
-41123091.600000
-41594204.732000
-33983813.040000
-43192729.932000
-40884644.608000
-32756113.448000
-40318617.964000
-35689091.708000
-43156584.980000
-35934946.676000
-37907402.432000
-36177466.012000
-35174853.452000
-39294224.104000
-34833547.516000
-34921033.368000
-38967173.964000
-43456329.456000
-33528015.024000
-39744223.944000
-34780687.648000
-44181021.892000
-34183042.768000
-41602971.924000
-42414541.256000
-37951903.252000
-39439796.176000
-42492956.996000
-42043819.372000
-40990002.992000
-32969492.048000
-37299833.448000
-43125595.208000
-35488677.068000
-36276889.284000
-33123933.516000
-41602783.272000
-33768775.836000
-38606430.260000
-43125050.308000
-41541633.996000
-35403702.964000
-33566673.168000
-40363658.260000
-33456976.300000
-33436449.160000
-35694862.936000
-38980615.384000
-47079394.652000
-37758345.724000
-31468708.140000
-30973798.196000
-34158850.644000
-32404733.244000
-35765116.344000
-38700488.440000
-40805564.904000
-35549714.200000
-43058302.192000
-30377343.724000
-38404652.536000
-38351472.584000
-39252944.656000
-38637994.528000
-35770568.604000
-37525745.500000
-35343541.660000
-39303861.612000
-38309788.848000
-34687843.424000
-38409732.844000
-39999520.740000
-36844746.488000
-41573203.048000
-40380185.700000
-38443927.160000
-37136622.768000
-39853312.644000
-36445614.796000
-41192765.792000
-40865641.376000
-36318670.308000
-43676696.688000
-38737319.812000
-37258873.316000
-41634429.376000
-39368151.616000
-38212561.312000
-43740687.284000
-36755959.088000
-35408571.548000
-41035351.268000
-37365483.232000
-36985175.352000
-38629000.028000
-35000955.984000
-36375698.020000
-39074327.360000
-38083113.800000
-36419390.604000
-37474925.988000
-41267053.100000
-31940882.484000
-39552581.540000
-35321924.568000
-35968263.192000
-39992456.652000
-37560526.576000
-39403261.040000
-39954344.632000
-35992048.564000
-35987644.928000
-33773936.332000
-43381502.456000
-36720876.300000
-40891939.252000
-35518773.980000
-39736226.924000
-37732428.404000
-39604137.964000
-35382375.832000
-38439366.428000
-38337113.408000
-29790117.240000
-34380121.424000
-40351167.444000
-39931472.820000
-37115825.740000
-41552517.756000
-39813955.768000
-34207507.456000
-37786466.780000
-39905538.708000
-36072958.760000
-38876270.468000
-31142699.808000
-40576592.932000
-36238649.100000
-34997552.504000
-39000944.420000
-31715013.264000
-44085439.824000
-38373695.748000
-38388327.528000
-42989153.380000
-36893873.608000
-39493928.872000
-37725674.200000
-33541243.316000
-39287817.032000
-40780348.780000
-29530441.848000
-40050911.196000
-37614393.616000
-38955849.068000
-33386617.264000
-38506874.956000
-37384151.532000
-35669841.264000
-41793197.664000
-34567958.692000
-36892498.252000
-36359837.012000
-45787044.296000
-36743869.196000
-37625200.844000
-40511498.896000
-38988641.296000
-35794294.092000
-37963683.764000
-41571439.292000
-39019457.252000
-32748647.324000
-38638530.292000
-37621543.656000
-39319386.124000
-40896350.768000
-42479326.612000
-37258600.436000
-33065493.728000
-37748036.156000
-41817272.616000
-32651456.416000
-34972063.764000
-39776386.324000
-40142751.052000
-37824502.848000
-36976724.120000
-39654047.516000
-37403607.532000
-35681064.568000
-39389349.076000
-40787257.668000
-37535926.448000
-40895144.884000
-38203393.780000
-38742736.908000
-40231082.836000
-37405710.364000
-34423030.288000
-33716756.936000
-33306677.132000
-36893057.352000
-33283992.184000
-38501622.152000
-35186936.512000
-36185015.120000
-28708328.012000
-38076600.804000
-43564836.768000
-39823471.252000
-37492735.540000
-39252952.448000
-36253247.068000
-36243098.508000
-39374021.472000
-36806241.016000
-39628209.616000
-38281065.760000
-41627539.616000
-40220263.156000
-44083359.540000
-42947352.036000
-33489117.656000
-38661452.380000
-32956118.032000
-41289424.452000
-39269189.220000
-43504934.296000
-34479396.132000
-37273880.516000
-37435319.128000
-39165086.572000
-34773832.156000
-37603634.804000
-36687828.368000
-38234115.628000
-37435698.756000
-36709778.864000
-41543577.104000
-33023557.728000
-38791369.264000
-43011283.436000
-38099191.848000
-35651516.620000
-42639432.952000
-39206973.880000
-34322637.588000
-34683803.184000
-31883247.292000
-37880636.548000
-32011913.908000
-39351637.644000
-39849296.796000
-40182703.356000
-35710710.200000
-37907175.304000
-35736025.500000
-39754126.072000
-41625719.300000
-39943260.472000
-37897027.680000
-36496497.408000
-34761460.772000
-39358453.348000
-39070747.100000
-34965463.540000
-38002668.696000
-40219351.236000
-38690536.112000
-40153216.676000
-32132975.804000
-39608906.132000
-33994879.084000
-41349232.528000
-43140503.320000
-35720936.484000
-43142004.556000
-39655727.056000
-35506627.124000
-32198449.848000
-36295434.032000
-42003505.040000
-33808251.032000
-33383462.828000
-38101423.732000
-37595752.584000
-34741272.532000
-40459524.940000
-38087805.552000
-38952814.176000
-37772584.412000
-36198414.736000
-41874734.900000
-38094727.032000
-34119137.944000
-33689492.988000
-39878878.280000
-34314491.572000
-43374612.652000
-37131733.644000
-36529114.612000
-40478447.304000
-35696340.400000
-33974609.900000
-34702545.056000
-36272231.112000
-36710796.700000
-36669011.864000
-37792692.944000
-38774010.924000
-36944253.064000
-34563950.264000
-33455800.384000
-39418997.468000
-40977833.828000
-41481691.152000
-38879627.004000
-40755476.012000
-33099443.436000
-41872610.228000
-38729458.224000
-37756225.360000
-41390541.972000
-37515412.496000
-34282393.212000
-36116608.400000
-36241132.960000
-42696647.472000
-40159031.596000
-32162981.228000
-43278893.536000
-37360537.104000
-39525554.456000
-42229267.336000
-35113413.012000
-39460910.792000
-38977320.736000
-40228630.672000
-31914139.580000
-37114768.968000
-43973330.072000
-37262738.016000
-37173792.492000
-39687223.408000
-37092024.772000
-38299775.608000
-36822012.092000
-39553365.176000
-39924275.712000
-39583951.936000
-36751313.348000
-37019461.384000
-39401591.660000
-35577552.260000
-39898759.160000
-43477312.320000
-41618636.696000
-42827484.632000
-38393463.016000
-37561684.648000
-35203931.384000
-39042351.120000
-40482854.208000
-30317162.352000
-40423802.100000
-37461197.564000
-39768081.180000
-38553315.480000
-42988219.908000
-35460633.944000
-34361524.092000
-42876762.316000
-37956300.220000
-36702683.648000
-37692862.844000
-40019062.860000
-38518631.656000
-39813339.196000
-35094467.764000
-37201829.620000
-37029256.328000
-45597074.652000
-41040002.908000
-39750315.604000
-33656278.136000
-34744001.544000
-38618698.436000
-35619597.532000
-41153071.596000
-30083756.656000
-46342631.740000
-32141404.472000
-40570774.064000
-44261016.516000
-37009094.028000
-36647790.676000
-36916576.808000
-34212725.972000
-43277724.136000
-40118361.024000
-41445589.224000
-33161316.152000
-40102948.712000
-38095301.892000
-39722984.228000
-39857255.116000
-33833014.480000
-35414977.256000
-38691753.348000
-35942658.972000
-34612760.828000
-37127140.628000
-38319830.604000
-40623453.212000
-38742360.380000
-40052754.916000
-43771948.304000
-41204913.216000
-34627905.896000
-35886522.264000
-36259386.544000
-36885916.344000
-40992842.668000
-41538703.084000
-38058054.448000
-40128908.256000
-43484889.432000
-34126873.292000
-35145192.908000
-34552770.408000
-42846232.080000
-41627081.196000
-37704092.596000
-36688858.072000
-32400757.292000
-39816267.972000
-40324450.784000
-33052388.892000
-43504499.404000
-34341543.076000
-37268272.844000
-40244304.380000
-36767200.356000
-40427938.688000
-42929486.504000
-40349175.212000
-33355581.024000
-37531738.192000
-30995421.736000
-41013941.852000
-42150432.004000
-35265935.652000
-39502521.560000
-33711561.036000
-35825901.556000
-38036425.492000
-42638084.056000
-41568911.136000
-38850888.296000
-36673296.412000
-39768850.356000
-38739240.376000
-39103783.112000
-36297569.576000
-42377883.352000
-41232429.636000
-39433378.752000
-35446128.360000
-40972360.648000
-41958992.800000
-41428949.724000
-33697215.808000
-36139608.656000
-33783754.004000
-36121078.252000
-36307919.944000
-39693519.280000
-36295229.004000
-37159153.948000
-39027772.584000
-40563147.864000
-33508087.820000
-34900606.524000
-36046535.740000
-35558458.228000
-31071141.388000
-36209987.184000
-38737930.768000
-36614951.728000
-37056681.256000
-31260942.908000
-34749532.532000
-44200320.396000
-38572369.608000
-37996792.228000
-39125359.776000
-40477332.316000
-34996673.764000
-38349830.732000
-35254980.832000
-37103670.676000
-35169726.988000
-46739653.760000
-43167901.544000
-32600604.412000
-36928283.860000
-41275041.460000
-39178392.792000
-35284877.836000
-34087526.900000
-42049994.580000
-39364249.492000
-31242835.924000
-36902095.000000
-37210129.184000
-36660206.992000
-36246583.348000
-38718459.648000
-37066386.516000
-34660660.264000
-40942582.556000
-40034096.320000
-36294511.288000
-37559089.764000
-40537003.860000
-36025139.664000
-43830888.836000
-34885061.260000
-34931054.652000
-35985835.064000
-35766189.352000
-37005515.588000
-42862399.536000
-37962371.036000
-35957580.664000
-38979199.544000
-38341173.316000
-40748797.524000
-29381118.720000
-34167392.244000
-33857563.048000
-34357388.112000
-40219161.660000
-38392900.120000
-29887406.952000
-44378928.572000
-38241598.512000
-35992829.552000
-35513623.424000
-34198101.260000
-36017614.056000
-35411785.624000
-42570958.560000
-37348352.820000
-36355975.788000
-40608905.008000
-45080257.380000
-37491102.428000
-37424382.220000
-35467702.780000
-38775356.360000
-28712661.692000
-44114570.244000
-37552968.232000
-37857535.820000
-38438004.336000
-30468501.448000
-43148370.060000
-39859212.952000
-36051493.212000
-42614254.760000
-42317727.372000
-35838438.780000
-41854555.260000
-34515790.380000
-37170491.824000
-38387477.252000
-41096343.440000
-37203736.384000
-42370984.048000
-34184513.540000
-38388616.720000
-39450995.232000
-40271575.912000
-38991028.136000
-34959208.056000
-36271523.236000
-36290761.544000
-34446258.436000
-34433777.960000
-33492345.864000
-44928602.456000
-41065113.948000
-33587756.228000
-36483411.164000
-47392462.552000
-40167943.740000
-43219344.852000
-43088116.620000
-35614660.832000
-41004595.624000
-38118462.408000
-36625872.240000
-35929715.244000
-32323714.872000
-39087329.580000
-30601199.048000
-37595344.244000
-32665325.244000
-37532776.272000
-40507549.404000
-39814607.540000
-40957693.056000
-40565468.120000
-31113290.404000
-32627023.808000
-37586162.128000
-39288163.340000
-38842260.388000
-38982155.076000
-32612037.336000
-37895356.688000
-41018414.532000
-42081427.068000
-37973999.644000
-42734846.740000
-37394997.480000
-34057130.524000
-38566967.208000
-40827874.388000
-36097162.280000
-37138118.008000
-37770895.832000
-39738306.032000
-34670570.204000
-41801446.188000
-40952562.780000
-33872703.428000
-42585234.440000
-37002983.424000
-33336012.632000
-38942581.160000
-38551352.524000
-39198910.556000
-33378869.148000
-43022751.664000
-35604298.156000
-37849302.376000
-36640461.676000
-37962658.356000
-41605658.908000
-45585366.468000
-44131221.828000
-38736011.756000
-35260241.592000
-34717915.500000
-37189517.224000
-32934577.340000
-35462612.340000
-39207070.440000
-34107159.624000
-41484343.440000
-38013528.988000
-35328711.052000
-41632915.564000
-33618577.696000
-35692522.884000
-34936032.372000
-40456152.664000
-40470364.668000
-37237390.272000
-35656972.660000
-36389580.220000
-38178005.532000
-38568636.420000
-36587254.056000
-41741998.504000
-36037740.940000
-39472806.104000
-41701978.188000
-40884548.416000
-35277019.272000
-35011987.692000
-36042875.196000
-36533197.392000
-35570600.760000
-32691397.216000
-48076583.428000
-36516237.884000
-39598659.648000
-40761210.344000
-32619471.440000
-39579735.948000
-39774729.640000
-33246620.556000
-36931211.456000
-36647387.128000
-35757780.756000
-39878349.004000
-39165097.332000
-31684677.348000
-33030975.808000
-38600287.608000
-31983767.948000
-36114229.600000
-39099360.176000
-40212229.704000
-41372374.308000
-34158220.760000
-58507438.178000
-56314920.576000
-67947039.582000
-59508425.594000
-61508051.084000
-55748485.556000
-54729585.614000
-48023261.080000
-61969505.548000
-55079970.386000
-53337311.674000
-52156438.646000
-67175248.170000
-57268285.476000
-61801327.600000
-48326430.390000
-61786332.776000
-60385376.536000
-58693575.342000
-67588823.938000
-58913164.184000
-60524583.386000
-60573147.472000
-56150907.022000
-51627027.566000
-61223067.570000
-50994670.530000
-58052100.132000
-62067156.146000
-48959129.874000
-57027236.456000
-55547995.618000
-59931642.062000
-62326236.916000
-52408670.442000
-54296712.150000
-57608783.110000
-56448456.972000
-58635020.662000
-54748547.010000
-63479527.328000
-53950565.146000
-63482206.382000
-61198831.506000
-53458977.374000
-67327054.734000
-61148859.336000
-62504956.128000
-63210217.446000
-59638714.904000
-55356467.200000
-56769250.100000
-57253222.050000
-63189046.886000
-59852231.982000
-53957686.952000
-56876239.106000
-60353938.192000
-58810466.298000
-60790306.004000
-61067661.918000
-48498401.110000
-55806789.966000
-58154659.858000
-60200520.118000
-60428838.554000
-59186732.986000
-52717347.992000
-63874768.210000
-53188617.000000
-64174159.434000
-64706547.768000
-68669994.864000
-69503276.568000
-53677729.286000
-59874297.292000
-57729055.974000
-61496201.836000
-61913533.822000
-55847469.360000
-53926391.744000
-64267362.824000
-62123676.552000
-55929552.600000
-60182422.302000
-56883770.828000
-53981788.064000
-47209466.122000
-64104213.586000
-57346018.696000
-57113586.806000
-57832358.096000
-57402081.012000
-60180027.750000
-58227248.588000
-62221397.348000
-60208286.472000
-52649665.044000
-52749609.394000
-56546889.980000
-55214208.430000
-58770747.168000
-61115215.680000
-61170807.642000
-63444131.912000
-56770965.012000
-49014066.946000
-53702633.772000
-55947060.784000
-52971148.814000
-54562151.644000
-58921551.738000
-61660770.444000
-58925989.242000
-52268821.980000
-66265530.140000
-57853641.762000
-58136348.484000
-55649653.602000
-61491914.986000
-55409394.760000
-50246423.462000
-64008606.300000
-57561236.108000
-59867904.598000
-59456851.648000
-57462426.510000
-57428265.830000
-51771619.036000
-51928014.832000
-51720552.452000
-63497690.662000
-55448737.100000
-62211690.518000
-54884953.900000
-60936461.352000
-58778826.874000
-55391177.346000
-64211626.510000
-54718737.590000
-62692387.948000
-67887518.246000
-53174499.142000
-57013637.984000
-56702532.142000
-52506363.100000
-54085188.662000
-56665333.538000
-69336174.424000
-54091710.246000
-57822208.692000
-48219436.146000
-53714095.388000
-56738780.168000
-52646964.056000
-48620942.280000
-51234784.874000
-61732803.536000
-53243281.794000
-57401596.464000
-60920360.464000
-56390604.922000
-63073984.760000
-58216082.904000
-60383817.368000
-50422846.546000
-56701145.428000
-61534053.758000
-60078150.446000
-65204101.920000
-62856938.150000
-53118025.696000
-63373680.350000
-55958605.048000
-66774242.936000
-57690326.370000
-55331148.068000
-53257876.072000
-61090767.828000
-52832894.504000
-59104113.582000
-56396181.868000
-57760521.494000
-52942062.314000
-45926368.452000
-57208274.646000
-45985187.812000
-58298751.044000
-61312459.404000
-53033803.866000
-50870496.978000
-52121560.170000
-56225234.178000
-53806263.670000
-62026553.750000
-61227955.646000
-55918021.892000
-56079951.408000
-62558143.454000
-58105518.442000
-63458827.550000
-55762600.200000
-60796004.936000
-69138204.946000
-58653074.344000
-60165371.934000
-54338628.446000
-56224458.046000
-53022812.350000
-52781352.152000
-60811984.696000
-52054201.570000
-58946782.288000
-60550516.236000
-56816068.090000
-58744204.470000
-55635257.524000
-49339971.586000
-64105887.610000
-63683007.318000
-54325126.480000
-49950146.822000
-46086515.790000
-62239275.334000
-62122371.802000
-62442911.564000
-53945717.694000
-60346200.622000
-50724516.976000
-54118218.084000
-55738253.824000
-58736638.038000
-63751767.132000
-53755364.402000
-58025684.992000
-59625846.236000
-55898756.382000
-54932187.778000
-55318828.920000
-55918961.828000
-59271524.782000
-63259242.418000
-52854248.792000
-57686802.414000
-59045521.712000
-59111925.444000
-56358284.522000
-56527724.282000
-64898161.638000
-57619849.656000
-43487995.562000
-45010111.076000
-56421490.688000
-55338270.120000
-61513653.140000
-61111846.712000
-52820221.860000
-64442046.926000
-63567321.850000
-50935316.638000
-67870579.808000
-49587338.506000
-51650114.898000
-52258978.906000
-57213940.108000
-61364639.978000
-54255978.600000
-53105471.834000
-51139555.284000
-53931567.620000
-56284156.228000
-52782391.700000
-61875070.668000
-65518981.452000
-64471307.844000
-58534989.610000
-56832565.900000
-50980328.492000
-62125683.282000
-59476081.886000
-55204248.362000
-57302845.578000
-58291382.046000
-56506679.268000
-57260024.798000
-64620441.404000
-57414911.088000
-59390637.044000
-56769333.636000
-53118420.530000
-64262355.942000
-59941283.090000
-59021061.526000
-55774137.890000
-56556798.332000
-58671767.680000
-61692365.732000
-48230677.044000
-58709062.316000
-52824621.772000
-56426330.924000
-61597613.404000
-61856480.610000
-58294290.818000
-62352070.562000
-51787041.294000
-59003941.768000
-56995493.516000
-61526513.802000
-51411651.940000
-58253130.624000
-63859379.436000
-53202258.030000
-58719315.186000
-62344400.396000
-59575988.626000
-58051155.060000
-61802827.236000
-52020280.968000
-59504895.502000
-49960290.942000
-53503737.552000
-54354077.180000
-60866943.732000
-65855211.050000
-65175109.948000
-59269452.638000
-67409171.244000
-57762295.034000
-53083097.130000
-59571287.948000
-54246866.714000
-57248621.168000
-57122280.616000
-52533900.582000
-54443197.494000
-57957676.178000
-58338921.798000
-63062360.038000
-52472349.572000
-51859694.078000
-58601950.834000
-53552620.886000
-61704527.364000
-64253307.586000
-53773193.572000
-56254203.636000
-62297244.990000
-57357829.088000
-64523991.036000
-54266118.966000
-61844462.172000
-50884818.180000
-55552055.242000
-57684842.492000
-61096644.154000
-62836400.412000
-56750503.768000
-58919024.170000
-65414134.958000
-59340850.342000
-63109142.630000
-54831081.554000
-53941686.446000
-54877288.716000
-58595468.458000
-55578775.154000
-60356539.108000
-59305770.478000
-60750265.532000
-62073747.066000
-67546080.282000
-56573211.126000
-58063277.174000
-54775618.250000
-56127782.476000
-48992153.270000
-55452153.280000
-58090121.810000
-63123672.908000
-50847773.442000
-66554791.036000
-57432183.142000
-55472354.588000
-52781904.698000
-54650944.096000
-54248930.972000
-48344211.820000
-58530138.724000
-52505336.192000
-53292302.534000
-60111141.112000
-57592749.926000
-57565060.238000
-51339437.906000
-55037988.570000
-60910546.090000
-58869239.442000
-55190662.728000
-57502851.328000
-66354934.540000
-56798438.138000
-50639361.332000
-51028145.384000
-59742766.412000
-59416952.136000
-58844873.830000
-57914160.480000
-56912621.168000
-56993126.514000
-60572004.908000
-57267429.290000
-61096630.604000
-55159469.340000
-56965475.978000
-50902855.474000
-61696268.758000
-58015270.634000
-67782757.822000
-64583018.406000
-52760915.048000
-55983063.826000
-50481205.240000
-55037997.192000
-60152381.748000
-58463145.814000
-52316257.690000
-51410483.728000
-57194236.776000
-56948349.510000
-65293914.488000
-56012860.438000
-55987054.576000
-63192670.740000
-56613535.208000
-55526098.214000
-55007887.880000
-52875876.622000
-65129178.370000
-56932708.736000
-58917463.286000
-67548199.912000
-58294532.362000
-59875799.234000
-48429245.562000
-57631354.268000
-57579479.098000
-54678705.950000
-64891550.876000
-62517770.268000
-63946273.338000
-54873464.684000
-56049622.736000
-56995353.918000
-52020841.274000
-58704593.882000
-59880836.126000
-58470149.518000
-54995949.240000
-49866622.494000
-57789985.132000
-57576400.488000
-55452052.612000
-58395980.102000
-58186529.812000
-58473234.504000
-55900240.538000
-62439523.136000
-60790750.982000
-53558749.912000
-56724263.338000
-55140434.150000
-52044328.714000
-64394828.968000
-61686058.362000
-59298182.704000
-52045992.538000
-65935292.850000
-58464686.460000
-56733783.346000
-59324804.126000
-55136934.096000
-53913086.252000
-59862111.786000
-52125176.240000
-55113279.206000
-53605823.432000
-58479193.050000
-60711894.820000
-62407214.814000
-64595252.388000
-56181703.300000
-62027132.054000
-59712475.932000
-58999835.326000
-62322931.382000
-58047457.074000
-64275998.250000
-54978798.232000
-54073888.526000
-53135901.044000
-61013524.544000
-48420599.432000
-56410756.374000
-67386334.264000
-64043282.818000
-62378440.410000
-54536905.978000
-58144109.386000
-56013383.222000
-60646760.886000
-57068224.798000
-53587048.070000
-51846381.898000
-53889442.402000
-57073715.044000
-56401117.490000
-54558164.636000
-58055253.434000
-54923874.364000
-59205651.378000
-60330322.170000
-57906367.760000
-58715814.310000
-59511251.152000
-54520486.434000
-56471040.162000
-52794391.696000
-53901283.624000
-53559183.498000
-62986824.536000
-53903579.352000
-59257109.848000
-56091831.774000
-56918299.058000
-56990858.826000
-54846329.592000
-54729105.526000
-56015703.786000
-57674814.490000
-55230289.554000
-59230412.600000
-61347251.678000
-69627436.812000
-69573686.632000
-59986599.592000
-59427274.330000
-68608473.520000
-56981751.038000
-59591651.104000
-63394088.522000
-58427595.756000
-57142935.740000
-63868183.446000
-54561085.414000
-54268475.240000
-55609886.404000
-52944933.268000
-59014145.376000
-58755912.532000
-58389710.030000
-52413885.332000
-59394710.686000
-59690265.042000
-52993478.618000
-60866339.550000
-51720203.338000
-59922234.238000
-55457154.420000
-56784190.804000
-57393032.602000
-62048711.944000
-53563390.046000
-63490225.086000
-45635870.264000
-58175971.678000
-56071876.152000
-59261770.442000
-54818943.210000
-60378738.580000
-46756772.970000
-51069966.148000
-48629459.050000
-58032762.264000
-56981811.522000
-64590543.240000
-61677374.654000
-50271522.274000
-55280688.680000
-65441353.954000
-58075680.192000
-55582845.462000
-52632137.462000
-59579696.688000
-50312302.856000
-59758702.928000
-60242206.582000
-58281865.450000
-59608103.922000
-57939701.518000
-64376551.522000
-59437941.864000
-54961958.932000
-53044520.744000
-59886988.416000
-56847227.746000
-65222508.270000
-55689533.206000
-65550420.280000
-69024197.160000
-58046505.596000
-61617762.106000
-52951215.606000
-58495986.616000
-54624032.546000
-56799425.812000
-50727851.162000
-51733737.964000
-53806236.476000
-50889405.472000
-59087861.316000
-59272603.352000
-57964780.374000
-61226885.282000
-58451967.266000
-57718362.146000
-55959347.444000
-65494856.062000
-60488136.284000
-65205268.694000
-51468984.004000
-62478938.860000
-56648291.856000
-65189941.776000
-62651821.818000
-58513404.200000
-66787291.798000
-53006118.692000
-63448042.850000
-57797038.506000
-52377584.390000
-54351491.862000
-59341932.074000
-57017966.730000
-57269887.460000
-60701144.128000
-61011577.108000
-59883188.710000
-64189622.120000
-56926975.218000
-59886451.156000
-65583181.482000
-58243129.616000
-53021311.412000
-62111327.528000
-56163660.814000
-66727072.284000
-45842772.926000
-52137038.884000
-45866486.950000
-65050060.468000
-50669030.572000
-53160898.616000
-59378134.378000
-53473075.226000
-62482507.118000
-57622245.510000
-69243075.410000
-52906302.158000
-58946576.532000
-55074718.810000
-47524409.534000
-62608558.662000
-58642161.514000
-60922922.402000
-61725577.638000
-52331573.116000
-59090032.858000
-65899878.566000
-53938906.878000
-58519383.710000
-60563302.486000
-54757743.536000
-54245655.086000
-58465659.998000
-58978190.404000
-59850922.462000
-55278115.878000
-61266971.880000
-63742342.434000
-48010961.218000
-61093965.818000
-63656227.392000
-55108228.800000
-67665963.116000
-54415800.084000
-56993942.320000
-55832376.516000
-56450573.262000
-63967799.326000
-61514315.026000
-51452501.122000
-60671414.364000
-54273864.872000
-42951605.052000
-56764522.530000
-58370636.262000
-49416590.662000
-58422396.434000
-59309451.122000
-55241020.216000
-63939106.652000
-57683680.250000
-54420917.676000
-53289377.208000
-60440493.760000
-55639372.008000
-55511534.716000
-60533978.562000
-63969464.454000
-56605952.910000
-52770589.586000
-53294319.520000
-55301043.008000
-64587222.994000
-55606437.458000
-63981108.822000
-59129844.074000
-61011348.360000
-64591690.008000
-65075690.740000
-62256293.730000
-53658588.360000
-58145587.872000
-51306988.190000
-55238297.722000
-66861207.372000
-59184655.132000
-56474911.354000
-53449132.524000
-58225029.950000
-63011666.540000
-62007070.688000
-62775074.590000
-62444849.492000
-52582980.656000
-53628444.476000
-62703134.600000
-59652465.930000
-68164510.474000
-59202076.234000
-63124744.936000
-58352669.526000
-51964954.686000
-58090771.406000
-60357389.398000
-59784555.526000
-52091797.412000
-61530932.694000
-58082406.352000
-61433355.638000
-61776779.904000
-62382616.068000
-59382990.628000
-60111715.826000
-53616806.308000
-44968772.652000
-55007346.622000
-54845122.368000
-57758691.144000
-55126233.536000
-50618720.196000
-65454839.078000
-59308110.740000
-48563760.786000
-58705855.284000
-63711008.484000
-51437199.824000
-56120350.060000
-55696382.888000
-61710948.520000
-54528698.050000
-65752772.156000
-50017854.054000
-54015261.244000
-49499581.872000
-57372718.136000
-62782563.450000
-60481556.006000
-58372247.056000
-58348327.326000
-61514401.400000
-55450142.548000
-51209391.814000
-61021423.842000
-57474482.596000
-56449610.092000
-53053059.002000
-52212424.268000
-60801730.846000
